Script started on Fri May 11 03:48:09 2018
[?1034hbash-3.2$ a[Kmake qlearn
clang -Wall -g -std=gnu99  -c mdp.c
clang -Wall -g -std=gnu99  -c max.c
clang -Wall -g -std=gnu99  -c environment.c
clang -Wall -g -std=gnu99  -o qlearn qlearn.c \
	mdp.o environment.o max.o
bash-3.2$ ./qlearn 1 1 200000 4x3.mdp 1000000
Q[s,a]
0.704	0.664	0.693	0.810	
0.759	0.145	0.229	0.135	
0.699	-0.040	-0.026	-0.028	
0.753	0.753	0.708	0.869	
0.000	0.000	0.000	0.000	
0.540	0.535	0.645	-0.040	
0.823	0.536	0.692	0.920	
0.650	0.334	0.494	-0.712	
0.450	0.476	0.525	-0.040	
0.000	0.000	0.000	0.000	
0.000	0.000	0.000	0.000	
0.000	0.000	0.310	-0.141	

U[s]
0.810438
0.758586
0.699223
0.868570
X
0.644808
0.920117
0.650302
0.525327
0.000000
0.000000
0.309657

policy[s]
3
0
0
3
X
2
3
0
2
X
X
2
bash-3.2$ ./qlearn 1 1 200000 16x4.mdp 1000000
Q[s,a]
-0.845	-0.845	-0.845	-0.371	
0.000	0.000	0.000	0.000	
0.000	0.000	0.000	0.000	
0.000	0.000	0.000	0.000	
-0.798	-0.798	-0.798	-0.318	
0.000	0.000	0.000	0.000	
-0.680	-0.680	-0.680	-0.680	
-0.723	-0.723	-0.848	-0.723	
-0.751	-0.266	-0.751	-0.751	
-0.704	-0.212	-0.704	-0.704	
-0.664	-0.664	-0.664	-0.166	
0.000	0.000	0.000	0.000	
-0.713	-0.235	-0.713	-0.713	
-0.664	-0.168	-0.664	-0.664	
-0.613	-0.111	-0.613	-0.613	
-0.559	-0.559	-0.559	-0.054	
0.000	0.000	0.000	0.000	
0.000	0.000	0.000	0.000	
0.000	0.000	0.000	0.000	
-0.504	-0.504	-0.504	0.003	
-0.306	-0.306	-0.306	0.209	
0.159	-0.354	-0.354	-0.354	
0.109	-0.401	-0.401	-0.401	
0.053	-0.456	-0.456	-0.456	
-0.253	-0.253	-0.253	0.265	
0.000	0.000	0.000	0.000	
0.000	0.000	0.000	0.000	
0.000	0.000	0.000	0.000	
-0.206	-0.206	-0.206	0.315	
0.000	0.000	0.000	0.000	
0.000	0.000	0.000	0.000	
0.000	0.000	0.000	0.000	
-0.159	0.366	-0.159	-0.159	
-0.129	0.429	-0.102	-0.102	
-0.113	-0.055	-0.055	0.479	
0.305	-0.134	-0.845	-0.040	
-0.194	-0.194	0.315	-0.194	
0.000	0.000	0.000	0.000	
-0.037	-0.072	-0.070	0.558	
0.491	-0.044	-0.040	-0.040	
0.000	0.000	0.000	0.000	
-0.036	0.567	-0.034	-0.035	
-0.025	-0.029	-0.037	0.617	
0.559	-0.044	-0.035	-0.035	
0.000	0.000	0.000	0.000	
0.000	0.000	0.000	0.000	
0.075	0.075	0.026	0.681	
0.000	0.000	0.000	0.000	
0.000	0.000	0.000	0.892	
0.000	0.357	0.441	0.327	
0.385	0.731	0.130	0.167	
0.364	0.409	0.397	0.787	
0.000	0.000	0.000	0.000	
0.000	0.000	0.000	0.000	
0.000	0.000	0.000	0.000	
0.462	0.462	0.415	0.844	
0.000	0.000	0.000	0.000	
0.000	0.000	0.000	0.000	
0.000	0.000	0.000	0.000	
0.512	0.512	0.473	0.894	
0.000	0.000	0.000	0.000	
0.000	0.000	0.000	0.000	
0.000	0.000	0.000	0.000	
0.944	0.557	0.562	0.602	

U[s]
-0.371058
X
X
0.000000
-0.318047
X
-0.680409
-0.723113
-0.266048
-0.211823
-0.166087
X
-0.234828
-0.167898
-0.110944
-0.053997
X
X
X
0.003392
0.208880
0.158994
0.109343
0.053488
0.265260
X
X
X
0.315338
X
X
0.000000
0.365502
0.428629
0.478637
0.305125
0.315380
X
0.558253
0.491064
X
0.566722
0.616879
0.558852
0.000000
X
0.680574
X
0.892114
0.440901
0.730579
0.786504
0.000000
X
X
0.843675
X
X
X
0.893664
0.000000
X
0.000000
0.943877

policy[s]
3
X
X
X
3
X
1
0
1
1
3
X
1
1
1
3
X
X
X
3
3
0
0
0
3
X
X
X
3
X
X
X
1
1
3
0
2
X
3
0
X
1
3
0
X
X
3
X
3
2
1
3
X
X
X
3
X
X
X
3
0
X
X
0
bash-3.2$ exit
exit

Script done on Fri May 11 03:48:50 2018
